a <- 25
b <- 3
a*b


7+7